Elementmatrix: 0
 105000       0 -105000       0
      0       0       0       0
-105000       0  105000       0
      0       0       0       0
Elementmatrix: 1
 105000       0 -105000       0
      0       0       0       0
-105000       0  105000       0
      0       0       0       0
Elementmatrix: 2
 105000       0 -105000       0
      0       0       0       0
-105000       0  105000       0
      0       0       0       0
Elementmatrix: 3
 105000       0 -105000       0
      0       0       0       0
-105000       0  105000       0
      0       0       0       0
